10000
9999
9998
9997
9996
9995
9994
9993
9992
9991
9990
999
9989
9988
9987
9986
9985
9984
9983
9982
9981
9980
998
9979
9978
9977
9976
9975
9974
9973
9972
9971
9970
997
9969
9968
9967
9966
9965
9964
9963
9962
9961
9960
996
9959
9958
9957
9956
9955
9954
9953
9952
9951
9950
995
9949
9948
9947
9946
9945
9944
9943
9942
9941
9940
994
9939
9938
9937
9936
9935
9934
9933
9932
9931
9930
993
9929
9928
9927
9926
9925
9924
9923
9922
9921
9920
992
9919
9918
9917
9916
9915
9914
9913
9912
9911
9910
991
9909
9908
9907
9906
9905
9904
9903
9902
9901
9900
990
99
9899
9898
9897
9896
9895
9894
9893
9892
9891
9890
989
9889
9888
9887
9886
9885
9884
9883
9882
9881
9880
988
9879
9878
9877
9876
9875
9874
9873
9872
9871
9870
987
9869
9868
9867
9866
9865
9864
9863
9862
9861
9860
986
9859
9858
9857
9856
9855
9854
9853
9852
9851
9850
985
9849
9848
9847
9846
9845
9844
9843
9842
9841
9840
984
9839
9838
9837
9836
9835
9834
9833
9832
9831
9830
983
9829
9828
9827
9826
9825
9824
9823
9822
9821
9820
982
9819
9818
9817
9816
9815
9814
9813
9812
9811
9810
981
9809
9808
9807
9806
9805
9804
9803
9802
9801
9800
980
98
9799
9798
9797
9796
9795
9794
9793
9792
9791
9790
979
9789
9788
9787
9786
9785
9784
9783
9782
9781
9780
978
9779
9778
9777
9776
9775
9774
9773
9772
9771
9770
977
9769
9768
9767
9766
9765
9764
9763
9762
9761
9760
976
9759
9758
9757
9756
9755
9754
9753
9752
9751
9750
975
9749
9748
9747
9746
9745
9744
9743
9742
9741
9740
974
9739
9738
9737
9736
9735
9734
9733
9732
9731
9730
973
9729
9728
9727
9726
9725
9724
9723
9722
9721
9720
972
9719
9718
9717
9716
9715
9714
9713
9712
9711
9710
971
9709
9708
9707
9706
9705
9704
9703
9702
9701
9700
970
97
9699
9698
9697
9696
9695
9694
9693
9692
9691
9690
969
9689
9688
9687
9686
9685
9684
9683
9682
9681
9680
968
9679
9678
9677
9676
9675
9674
9673
9672
9671
9670
967
9669
9668
9667
9666
9665
9664
9663
9662
9661
9660
966
9659
9658
9657
9656
9655
9654
9653
9652
9651
9650
965
9649
9648
9647
9646
9645
9644
9643
9642
9641
9640
964
9639
9638
9637
9636
9635
9634
9633
9632
9631
9630
963
9629
9628
9627
9626
9625
9624
9623
9622
9621
9620
962
9619
9618
9617
9616
9615
9614
9613
9612
9611
9610
961
9609
9608
9607
9606
9605
9604
9603
9602
9601
9600
960
96
9599
9598
9597
9596
9595
9594
9593
9592
9591
9590
959
9589
9588
9587
9586
9585
9584
9583
9582
9581
9580
958
9579
9578
9577
9576
9575
9574
9573
9572
9571
9570
957
9569
9568
9567
9566
9565
9564
9563
9562
9561
9560
956
9559
9558
9557
9556
9555
9554
9553
9552
9551
9550
955
9549
9548
9547
9546
9545
9544
9543
9542
9541
9540
954
9539
9538
9537
9536
9535
9534
9533
9532
9531
9530
953
9529
9528
9527
9526
9525
9524
9523
9522
9521
9520
952
9519
9518
9517
9516
9515
9514
9513
9512
9511
9510
951
9509
9508
9507
9506
9505
9504
9503
9502
9501
9500
950
95
9499
9498
9497
9496
9495
9494
9493
9492
9491
9490
949
9489
9488
9487
9486
9485
9484
9483
9482
9481
9480
948
9479
9478
9477
9476
9475
9474
9473
9472
9471
9470
947
9469
9468
9467
9466
9465
9464
9463
9462
9461
9460
946
9459
9458
9457
9456
9455
9454
9453
9452
9451
9450
945
9449
9448
9447
9446
9445
9444
9443
9442
9441
9440
944
9439
9438
9437
9436
9435
9434
9433
9432
9431
9430
943
9429
9428
9427
9426
9425
9424
9423
9422
9421
9420
942
9419
9418
9417
9416
9415
9414
9413
9412
9411
9410
941
9409
9408
9407
9406
9405
9404
9403
9402
9401
9400
940
94
9399
9398
9397
9396
9395
9394
9393
9392
9391
9390
939
9389
9388
9387
9386
9385
9384
9383
9382
9381
9380
938
9379
9378
9377
9376
9375
9374
9373
9372
9371
9370
937
9369
9368
9367
9366
9365
9364
9363
9362
9361
9360
936
9359
9358
9357
9356
9355
9354
9353
9352
9351
9350
935
9349
9348
9347
9346
9345
9344
9343
9342
9341
9340
934
9339
9338
9337
9336
9335
9334
9333
9332
9331
9330
933
9329
9328
9327
9326
9325
9324
9323
9322
9321
9320
932
9319
9318
9317
9316
9315
9314
9313
9312
9311
9310
931
9309
9308
9307
9306
9305
9304
9303
9302
9301
9300
930
93
9299
9298
9297
9296
9295
9294
9293
9292
9291
9290
929
9289
9288
9287
9286
9285
9284
9283
9282
9281
9280
928
9279
9278
9277
9276
9275
9274
9273
9272
9271
9270
927
9269
9268
9267
9266
9265
9264
9263
9262
9261
9260
926
9259
9258
9257
9256
9255
9254
9253
9252
9251
9250
925
9249
9248
9247
9246
9245
9244
9243
9242
9241
9240
924
9239
9238
9237
9236
9235
9234
9233
9232
9231
9230
923
9229
9228
9227
9226
9225
9224
9223
9222
9221
9220
922
9219
9218
9217
9216
9215
9214
9213
9212
9211
9210
921
9209
9208
9207
9206
9205
9204
9203
9202
9201
9200
920
92
9199
9198
9197
9196
9195
9194
9193
9192
9191
9190
919
9189
9188
9187
9186
9185
9184
9183
9182
9181
9180
918
9179
9178
9177
9176
9175
9174
9173
9172
9171
9170
917
9169
9168
9167
9166
9165
9164
9163
9162
9161
9160
916
9159
9158
9157
9156
9155
9154
9153
9152
9151
9150
915
9149
9148
9147
9146
9145
9144
9143
9142
9141
9140
914
9139
9138
9137
9136
9135
9134
9133
9132
9131
9130
913
9129
9128
9127
9126
9125
9124
9123
9122
9121
9120
912
9119
9118
9117
9116
9115
9114
9113
9112
9111
9110
911
9109
9108
9107
9106
9105
9104
9103
9102
9101
9100
910
91
9099
9098
9097
9096
9095
9094
9093
9092
9091
9090
909
9089
9088
9087
9086
9085
9084
9083
9082
9081
9080
908
9079
9078
9077
9076
9075
9074
9073
9072
9071
9070
907
9069
9068
9067
9066
9065
9064
9063
9062
9061
9060
906
9059
9058
9057
9056
9055
9054
9053
9052
9051
9050
905
9049
9048
9047
9046
9045
9044
9043
9042
9041
9040
904
9039
9038
9037
9036
9035
9034
9033
9032
9031
9030
903
9029
9028
9027
9026
9025
9024
9023
9022
9021
9020
902
9019
9018
9017
9016
9015
9014
9013
9012
9011
9010
901
9009
9008
9007
9006
9005
9004
9003
9002
9001
9000
900
90
9
8999
8998
8997
8996
8995
8994
8993
8992
8991
8990
899
8989
8988
8987
8986
8985
8984
8983
8982
8981
8980
898
8979
8978
8977
8976
8975
8974
8973
8972
8971
8970
897
8969
8968
8967
8966
8965
8964
8963
8962
8961
8960
896
8959
8958
8957
8956
8955
8954
8953
8952
8951
8950
895
8949
8948
8947
8946
8945
8944
8943
8942
8941
8940
894
8939
8938
8937
8936
8935
8934
8933
8932
8931
8930
893
8929
8928
8927
8926
8925
8924
8923
8922
8921
8920
892
8919
8918
8917
8916
8915
8914
8913
8912
8911
8910
891
8909
8908
8907
8906
8905
8904
8903
8902
8901
8900
890
89
8899
8898
8897
8896
8895
8894
8893
8892
8891
8890
889
8889
8888
8887
8886
8885
8884
8883
8882
8881
8880
888
8879
8878
8877
8876
8875
8874
8873
8872
8871
8870
887
8869
8868
8867
8866
8865
8864
8863
8862
8861
8860
886
8859
8858
8857
8856
8855
8854
8853
8852
8851
8850
885
8849
8848
8847
8846
8845
8844
8843
8842
8841
8840
884
8839
8838
8837
8836
8835
8834
8833
8832
8831
8830
883
8829
8828
8827
8826
8825
8824
8823
8822
8821
8820
882
8819
8818
8817
8816
8815
8814
8813
8812
8811
8810
881
8809
8808
8807
8806
8805
8804
8803
8802
8801
8800
880
88
8799
8798
8797
8796
8795
8794
8793
8792
8791
8790
879
8789
8788
8787
8786
8785
8784
8783
8782
8781
8780
878
8779
8778
8777
8776
8775
8774
8773
8772
8771
8770
877
8769
8768
8767
8766
8765
8764
8763
8762
8761
8760
876
8759
8758
8757
8756
8755
8754
8753
8752
8751
8750
875
8749
8748
8747
8746
8745
8744
8743
8742
8741
8740
874
8739
8738
8737
8736
8735
8734
8733
8732
8731
8730
873
8729
8728
8727
8726
8725
8724
8723
8722
8721
8720
872
8719
8718
8717
8716
8715
8714
8713
8712
8711
8710
871
8709
8708
8707
8706
8705
8704
8703
8702
8701
8700
870
87
8699
8698
8697
8696
8695
8694
8693
8692
8691
8690
869
8689
8688
8687
8686
8685
8684
8683
8682
8681
8680
868
8679
8678
8677
8676
8675
8674
8673
8672
8671
8670
867
8669
8668
8667
8666
8665
8664
8663
8662
8661
8660
866
8659
8658
8657
8656
8655
8654
8653
8652
8651
8650
865
8649
8648
8647
8646
8645
8644
8643
8642
8641
8640
864
8639
8638
8637
8636
8635
8634
8633
8632
8631
8630
863
8629
8628
8627
8626
8625
8624
8623
8622
8621
8620
862
8619
8618
8617
8616
8615
8614
8613
8612
8611
8610
861
8609
8608
8607
8606
8605
8604
8603
8602
8601
8600
860
86
8599
8598
8597
8596
8595
8594
8593
8592
8591
8590
859
8589
8588
8587
8586
8585
8584
8583
8582
8581
8580
858
8579
8578
8577
8576
8575
8574
8573
8572
8571
8570
857
8569
8568
8567
8566
8565
8564
8563
8562
8561
8560
856
8559
8558
8557
8556
8555
8554
8553
8552
8551
8550
855
8549
8548
8547
8546
8545
8544
8543
8542
8541
8540
854
8539
8538
8537
8536
8535
8534
8533
8532
8531
8530
853
8529
8528
8527
8526
8525
8524
8523
8522
8521
8520
852
8519
8518
8517
8516
8515
8514
8513
8512
8511
8510
851
8509
8508
8507
8506
8505
8504
8503
8502
8501
8500
850
85
8499
8498
8497
8496
8495
8494
8493
8492
8491
8490
849
8489
8488
8487
8486
8485
8484
8483
8482
8481
8480
848
8479
8478
8477
8476
8475
8474
8473
8472
8471
8470
847
8469
8468
8467
8466
8465
8464
8463
8462
8461
8460
846
8459
8458
8457
8456
8455
8454
8453
8452
8451
8450
845
8449
8448
8447
8446
8445
8444
8443
8442
8441
8440
844
8439
8438
8437
8436
8435
8434
8433
8432
8431
8430
843
8429
8428
8427
8426
8425
8424
8423
8422
8421
8420
842
8419
8418
8417
8416
8415
8414
8413
8412
8411
8410
841
8409
8408
8407
8406
8405
8404
8403
8402
8401
8400
840
84
8399
8398
8397
8396
8395
8394
8393
8392
8391
8390
839
8389
8388
8387
8386
8385
8384
8383
8382
8381
8380
838
8379
8378
8377
8376
8375
8374
8373
8372
8371
8370
837
8369
8368
8367
8366
8365
8364
8363
8362
8361
8360
836
8359
8358
8357
8356
8355
8354
8353
8352
8351
8350
835
8349
8348
8347
8346
8345
8344
8343
8342
8341
8340
834
8339
8338
8337
8336
8335
8334
8333
8332
8331
8330
833
8329
8328
8327
8326
8325
8324
8323
8322
8321
8320
832
8319
8318
8317
8316
8315
8314
8313
8312
8311
8310
831
8309
8308
8307
8306
8305
8304
8303
8302
8301
8300
830
83
8299
8298
8297
8296
8295
8294
8293
8292
8291
8290
829
8289
8288
8287
8286
8285
8284
8283
8282
8281
8280
828
8279
8278
8277
8276
8275
8274
8273
8272
8271
8270
827
8269
8268
8267
8266
8265
8264
8263
8262
8261
8260
826
8259
8258
8257
8256
8255
8254
8253
8252
8251
8250
825
8249
8248
8247
8246
8245
8244
8243
8242
8241
8240
824
8239
8238
8237
8236
8235
8234
8233
8232
8231
8230
823
8229
8228
8227
8226
8225
8224
8223
8222
8221
8220
822
8219
8218
8217
8216
8215
8214
8213
8212
8211
8210
821
8209
8208
8207
8206
8205
8204
8203
8202
8201
8200
820
82
8199
8198
8197
8196
8195
8194
8193
8192
8191
8190
819
8189
8188
8187
8186
8185
8184
8183
8182
8181
8180
818
8179
8178
8177
8176
8175
8174
8173
8172
8171
8170
817
8169
8168
8167
8166
8165
8164
8163
8162
8161
8160
816
8159
8158
8157
8156
8155
8154
8153
8152
8151
8150
815
8149
8148
8147
8146
8145
8144
8143
8142
8141
8140
814
8139
8138
8137
8136
8135
8134
8133
8132
8131
8130
813
8129
8128
8127
8126
8125
8124
8123
8122
8121
8120
812
8119
8118
8117
8116
8115
8114
8113
8112
8111
8110
811
8109
8108
8107
8106
8105
8104
8103
8102
8101
8100
810
81
8099
8098
8097
8096
8095
8094
8093
8092
8091
8090
809
8089
8088
8087
8086
8085
8084
8083
8082
8081
8080
808
8079
8078
8077
8076
8075
8074
8073
8072
8071
8070
807
8069
8068
8067
8066
8065
8064
8063
8062
8061
8060
806
8059
8058
8057
8056
8055
8054
8053
8052
8051
8050
805
8049
8048
8047
8046
8045
8044
8043
8042
8041
8040
804
8039
8038
8037
8036
8035
8034
8033
8032
8031
8030
803
8029
8028
8027
8026
8025
8024
8023
8022
8021
8020
802
8019
8018
8017
8016
8015
8014
8013
8012
8011
8010
801
8009
8008
8007
8006
8005
8004
8003
8002
8001
8000
800
80
8
7999
7998
7997
7996
7995
7994
7993
7992
7991
7990
799
7989
7988
7987
7986
7985
7984
7983
7982
7981
7980
798
7979
7978
7977
7976
7975
7974
7973
7972
7971
7970
797
7969
7968
7967
7966
7965
7964
7963
7962
7961
7960
796
7959
7958
7957
7956
7955
7954
7953
7952
7951
7950
795
7949
7948
7947
7946
7945
7944
7943
7942
7941
7940
794
7939
7938
7937
7936
7935
7934
7933
7932
7931
7930
793
7929
7928
7927
7926
7925
7924
7923
7922
7921
7920
792
7919
7918
7917
7916
7915
7914
7913
7912
7911
7910
791
7909
7908
7907
7906
7905
7904
7903
7902
7901
7900
790
79
7899
7898
7897
7896
7895
7894
7893
7892
7891
7890
789
7889
7888
7887
7886
7885
7884
7883
7882
7881
7880
788
7879
7878
7877
7876
7875
7874
7873
7872
7871
7870
787
7869
7868
7867
7866
7865
7864
7863
7862
7861
7860
786
7859
7858
7857
7856
7855
7854
7853
7852
7851
7850
785
7849
7848
7847
7846
7845
7844
7843
7842
7841
7840
784
7839
7838
7837
7836
7835
7834
7833
7832
7831
7830
783
7829
7828
7827
7826
7825
7824
7823
7822
7821
7820
782
7819
7818
7817
7816
7815
7814
7813
7812
7811
7810
781
7809
7808
7807
7806
7805
7804
7803
7802
7801
7800
780
78
7799
7798
7797
7796
7795
7794
7793
7792
7791
7790
779
7789
7788
7787
7786
7785
7784
7783
7782
7781
7780
778
7779
7778
7777
7776
7775
7774
7773
7772
7771
7770
777
7769
7768
7767
7766
7765
7764
7763
7762
7761
7760
776
7759
7758
7757
7756
7755
7754
7753
7752
7751
7750
775
7749
7748
7747
7746
7745
7744
7743
7742
7741
7740
774
7739
7738
7737
7736
7735
7734
7733
7732
7731
7730
773
7729
7728
7727
7726
7725
7724
7723
7722
7721
7720
772
7719
7718
7717
7716
7715
7714
7713
7712
7711
7710
771
7709
7708
7707
7706
7705
7704
7703
7702
7701
7700
770
77
7699
7698
7697
7696
7695
7694
7693
7692
7691
7690
769
7689
7688
7687
7686
7685
7684
7683
7682
7681
7680
768
7679
7678
7677
7676
7675
7674
7673
7672
7671
7670
767
7669
7668
7667
7666
7665
7664
7663
7662
7661
7660
766
7659
7658
7657
7656
7655
7654
7653
7652
7651
7650
765
7649
7648
7647
7646
7645
7644
7643
7642
7641
7640
764
7639
7638
7637
7636
7635
7634
7633
7632
7631
7630
763
7629
7628
7627
7626
7625
7624
7623
7622
7621
7620
762
7619
7618
7617
7616
7615
7614
7613
7612
7611
7610
761
7609
7608
7607
7606
7605
7604
7603
7602
7601
7600
760
76
7599
7598
7597
7596
7595
7594
7593
7592
7591
7590
759
7589
7588
7587
7586
7585
7584
7583
7582
7581
7580
758
7579
7578
7577
7576
7575
7574
7573
7572
7571
7570
757
7569
7568
7567
7566
7565
7564
7563
7562
7561
7560
756
7559
7558
7557
7556
7555
7554
7553
7552
7551
7550
755
7549
7548
7547
7546
7545
7544
7543
7542
7541
7540
754
7539
7538
7537
7536
7535
7534
7533
7532
7531
7530
753
7529
7528
7527
7526
7525
7524
7523
7522
7521
7520
752
7519
7518
7517
7516
7515
7514
7513
7512
7511
7510
751
7509
7508
7507
7506
7505
7504
7503
7502
7501
7500
750
75
7499
7498
7497
7496
7495
7494
7493
7492
7491
7490
749
7489
7488
7487
7486
7485
7484
7483
7482
7481
7480
748
7479
7478
7477
7476
7475
7474
7473
7472
7471
7470
747
7469
7468
7467
7466
7465
7464
7463
7462
7461
7460
746
7459
7458
7457
7456
7455
7454
7453
7452
7451
7450
745
7449
7448
7447
7446
7445
7444
7443
7442
7441
7440
744
7439
7438
7437
7436
7435
7434
7433
7432
7431
7430
743
7429
7428
7427
7426
7425
7424
7423
7422
7421
7420
742
7419
7418
7417
7416
7415
7414
7413
7412
7411
7410
741
7409
7408
7407
7406
7405
7404
7403
7402
7401
7400
740
74
7399
7398
7397
7396
7395
7394
7393
7392
7391
7390
739
7389
7388
7387
7386
7385
7384
7383
7382
7381
7380
738
7379
7378
7377
7376
7375
7374
7373
7372
7371
7370
737
7369
7368
7367
7366
7365
7364
7363
7362
7361
7360
736
7359
7358
7357
7356
7355
7354
7353
7352
7351
7350
735
7349
7348
7347
7346
7345
7344
7343
7342
7341
7340
734
7339
7338
7337
7336
7335
7334
7333
7332
7331
7330
733
7329
7328
7327
7326
7325
7324
7323
7322
7321
7320
732
7319
7318
7317
7316
7315
7314
7313
7312
7311
7310
731
7309
7308
7307
7306
7305
7304
7303
7302
7301
7300
730
73
7299
7298
7297
7296
7295
7294
7293
7292
7291
7290
729
7289
7288
7287
7286
7285
7284
7283
7282
7281
7280
728
7279
7278
7277
7276
7275
7274
7273
7272
7271
7270
727
7269
7268
7267
7266
7265
7264
7263
7262
7261
7260
726
7259
7258
7257
7256
7255
7254
7253
7252
7251
7250
725
7249
7248
7247
7246
7245
7244
7243
7242
7241
7240
724
7239
7238
7237
7236
7235
7234
7233
7232
7231
7230
723
7229
7228
7227
7226
7225
7224
7223
7222
7221
7220
722
7219
7218
7217
7216
7215
7214
7213
7212
7211
7210
721
7209
7208
7207
7206
7205
7204
7203
7202
7201
7200
720
72
7199
7198
7197
7196
7195
7194
7193
7192
7191
7190
719
7189
7188
7187
7186
7185
7184
7183
7182
7181
7180
718
7179
7178
7177
7176
7175
7174
7173
7172
7171
7170
717
7169
7168
7167
7166
7165
7164
7163
7162
7161
7160
716
7159
7158
7157
7156
7155
7154
7153
7152
7151
7150
715
7149
7148
7147
7146
7145
7144
7143
7142
7141
7140
714
7139
7138
7137
7136
7135
7134
7133
7132
7131
7130
713
7129
7128
7127
7126
7125
7124
7123
7122
7121
7120
712
7119
7118
7117
7116
7115
7114
7113
7112
7111
7110
711
7109
7108
7107
7106
7105
7104
7103
7102
7101
7100
710
71
7099
7098
7097
7096
7095
7094
7093
7092
7091
7090
709
7089
7088
7087
7086
7085
7084
7083
7082
7081
7080
708
7079
7078
7077
7076
7075
7074
7073
7072
7071
7070
707
7069
7068
7067
7066
7065
7064
7063
7062
7061
7060
706
7059
7058
7057
7056
7055
7054
7053
7052
7051
7050
705
7049
7048
7047
7046
7045
7044
7043
7042
7041
7040
704
7039
7038
7037
7036
7035
7034
7033
7032
7031
7030
703
7029
7028
7027
7026
7025
7024
7023
7022
7021
7020
702
7019
7018
7017
7016
7015
7014
7013
7012
7011
7010
701
7009
7008
7007
7006
7005
7004
7003
7002
7001
7000
700
70
7
6999
6998
6997
6996
6995
6994
6993
6992
6991
6990
699
6989
6988
6987
6986
6985
6984
6983
6982
6981
6980
698
6979
6978
6977
6976
6975
6974
6973
6972
6971
6970
697
6969
6968
6967
6966
6965
6964
6963
6962
6961
6960
696
6959
6958
6957
6956
6955
6954
6953
6952
6951
6950
695
6949
6948
6947
6946
6945
6944
6943
6942
6941
6940
694
6939
6938
6937
6936
6935
6934
6933
6932
6931
6930
693
6929
6928
6927
6926
6925
6924
6923
6922
6921
6920
692
6919
6918
6917
6916
6915
6914
6913
6912
6911
6910
691
6909
6908
6907
6906
6905
6904
6903
6902
6901
6900
690
69
6899
6898
6897
6896
6895
6894
6893
6892
6891
6890
689
6889
6888
6887
6886
6885
6884
6883
6882
6881
6880
688
6879
6878
6877
6876
6875
6874
6873
6872
6871
6870
687
6869
6868
6867
6866
6865
6864
6863
6862
6861
6860
686
6859
6858
6857
6856
6855
6854
6853
6852
6851
6850
685
6849
6848
6847
6846
6845
6844
6843
6842
6841
6840
684
6839
6838
6837
6836
6835
6834
6833
6832
6831
6830
683
6829
6828
6827
6826
6825
6824
6823
6822
6821
6820
682
6819
6818
6817
6816
6815
6814
6813
6812
6811
6810
681
6809
6808
6807
6806
6805
6804
6803
6802
6801
6800
680
68
6799
6798
6797
6796
6795
6794
6793
6792
6791
6790
679
6789
6788
6787
6786
6785
6784
6783
6782
6781
6780
678
6779
6778
6777
6776
6775
6774
6773
6772
6771
6770
677
6769
6768
6767
6766
6765
6764
6763
6762
6761
6760
676
6759
6758
6757
6756
6755
6754
6753
6752
6751
6750
675
6749
6748
6747
6746
6745
6744
6743
6742
6741
6740
674
6739
6738
6737
6736
6735
6734
6733
6732
6731
6730
673
6729
6728
6727
6726
6725
6724
6723
6722
6721
6720
672
6719
6718
6717
6716
6715
6714
6713
6712
6711
6710
671
6709
6708
6707
6706
6705
6704
6703
6702
6701
6700
670
67
6699
6698
6697
6696
6695
6694
6693
6692
6691
6690
669
6689
6688
6687
6686
6685
6684
6683
6682
6681
6680
668
6679
6678
6677
6676
6675
6674
6673
6672
6671
6670
667
6669
6668
6667
6666
6665
6664
6663
6662
6661
6660
666
6659
6658
6657
6656
6655
6654
6653
6652
6651
6650
665
6649
6648
6647
6646
6645
6644
6643
6642
6641
6640
664
6639
6638
6637
6636
6635
6634
6633
6632
6631
6630
663
6629
6628
6627
6626
6625
6624
6623
6622
6621
6620
662
6619
6618
6617
6616
6615
6614
6613
6612
6611
6610
661
6609
6608
6607
6606
6605
6604
6603
6602
6601
6600
660
66
6599
6598
6597
6596
6595
6594
6593
6592
6591
6590
659
6589
6588
6587
6586
6585
6584
6583
6582
6581
6580
658
6579
6578
6577
6576
6575
6574
6573
6572
6571
6570
657
6569
6568
6567
6566
6565
6564
6563
6562
6561
6560
656
6559
6558
6557
6556
6555
6554
6553
6552
6551
6550
655
6549
6548
6547
6546
6545
6544
6543
6542
6541
6540
654
6539
6538
6537
6536
6535
6534
6533
6532
6531
6530
653
6529
6528
6527
6526
6525
6524
6523
6522
6521
6520
652
6519
6518
6517
6516
6515
6514
6513
6512
6511
6510
651
6509
6508
6507
6506
6505
6504
6503
6502
6501
6500
650
65
6499
6498
6497
6496
6495
6494
6493
6492
6491
6490
649
6489
6488
6487
6486
6485
6484
6483
6482
6481
6480
648
6479
6478
6477
6476
6475
6474
6473
6472
6471
6470
647
6469
6468
6467
6466
6465
6464
6463
6462
6461
6460
646
6459
6458
6457
6456
6455
6454
6453
6452
6451
6450
645
6449
6448
6447
6446
6445
6444
6443
6442
6441
6440
644
6439
6438
6437
6436
6435
6434
6433
6432
6431
6430
643
6429
6428
6427
6426
6425
6424
6423
6422
6421
6420
642
6419
6418
6417
6416
6415
6414
6413
6412
6411
6410
641
6409
6408
6407
6406
6405
6404
6403
6402
6401
6400
640
64
6399
6398
6397
6396
6395
6394
6393
6392
6391
6390
639
6389
6388
6387
6386
6385
6384
6383
6382
6381
6380
638
6379
6378
6377
6376
6375
6374
6373
6372
6371
6370
637
6369
6368
6367
6366
6365
6364
6363
6362
6361
6360
636
6359
6358
6357
6356
6355
6354
6353
6352
6351
6350
635
6349
6348
6347
6346
6345
6344
6343
6342
6341
6340
634
6339
6338
6337
6336
6335
6334
6333
6332
6331
6330
633
6329
6328
6327
6326
6325
6324
6323
6322
6321
6320
632
6319
6318
6317
6316
6315
6314
6313
6312
6311
6310
631
6309
6308
6307
6306
6305
6304
6303
6302
6301
6300
630
63
6299
6298
6297
6296
6295
6294
6293
6292
6291
6290
629
6289
6288
6287
6286
6285
6284
6283
6282
6281
6280
628
6279
6278
6277
6276
6275
6274
6273
6272
6271
6270
627
6269
6268
6267
6266
6265
6264
6263
6262
6261
6260
626
6259
6258
6257
6256
6255
6254
6253
6252
6251
6250
625
6249
6248
6247
6246
6245
6244
6243
6242
6241
6240
624
6239
6238
6237
6236
6235
6234
6233
6232
6231
6230
623
6229
6228
6227
6226
6225
6224
6223
6222
6221
6220
622
6219
6218
6217
6216
6215
6214
6213
6212
6211
6210
621
6209
6208
6207
6206
6205
6204
6203
6202
6201
6200
620
62
6199
6198
6197
6196
6195
6194
6193
6192
6191
6190
619
6189
6188
6187
6186
6185
6184
6183
6182
6181
6180
618
6179
6178
6177
6176
6175
6174
6173
6172
6171
6170
617
6169
6168
6167
6166
6165
6164
6163
6162
6161
6160
616
6159
6158
6157
6156
6155
6154
6153
6152
6151
6150
615
6149
6148
6147
6146
6145
6144
6143
6142
6141
6140
614
6139
6138
6137
6136
6135
6134
6133
6132
6131
6130
613
6129
6128
6127
6126
6125
6124
6123
6122
6121
6120
612
6119
6118
6117
6116
6115
6114
6113
6112
6111
6110
611
6109
6108
6107
6106
6105
6104
6103
6102
6101
6100
610
61
6099
6098
6097
6096
6095
6094
6093
6092
6091
6090
609
6089
6088
6087
6086
6085
6084
6083
6082
6081
6080
608
6079
6078
6077
6076
6075
6074
6073
6072
6071
6070
607
6069
6068
6067
6066
6065
6064
6063
6062
6061
6060
606
6059
6058
6057
6056
6055
6054
6053
6052
6051
6050
605
6049
6048
6047
6046
6045
6044
6043
6042
6041
6040
604
6039
6038
6037
6036
6035
6034
6033
6032
6031
6030
603
6029
6028
6027
6026
6025
6024
6023
6022
6021
6020
602
6019
6018
6017
6016
6015
6014
6013
6012
6011
6010
601
6009
6008
6007
6006
6005
6004
6003
6002
6001
6000
600
60
6
5999
5998
5997
5996
5995
5994
5993
5992
5991
5990
599
5989
5988
5987
5986
5985
5984
5983
5982
5981
5980
598
5979
5978
5977
5976
5975
5974
5973
5972
5971
5970
597
5969
5968
5967
5966
5965
5964
5963
5962
5961
5960
596
5959
5958
5957
5956
5955
5954
5953
5952
5951
5950
595
5949
5948
5947
5946
5945
5944
5943
5942
5941
5940
594
5939
5938
5937
5936
5935
5934
5933
5932
5931
5930
593
5929
5928
5927
5926
5925
5924
5923
5922
5921
5920
592
5919
5918
5917
5916
5915
5914
5913
5912
5911
5910
591
5909
5908
5907
5906
5905
5904
5903
5902
5901
5900
590
59
5899
5898
5897
5896
5895
5894
5893
5892
5891
5890
589
5889
5888
5887
5886
5885
5884
5883
5882
5881
5880
588
5879
5878
5877
5876
5875
5874
5873
5872
5871
5870
587
5869
5868
5867
5866
5865
5864
5863
5862
5861
5860
586
5859
5858
5857
5856
5855
5854
5853
5852
5851
5850
585
5849
5848
5847
5846
5845
5844
5843
5842
5841
5840
584
5839
5838
5837
5836
5835
5834
5833
5832
5831
5830
583
5829
5828
5827
5826
5825
5824
5823
5822
5821
5820
582
5819
5818
5817
5816
5815
5814
5813
5812
5811
5810
581
5809
5808
5807
5806
5805
5804
5803
5802
5801
5800
580
58
5799
5798
5797
5796
5795
5794
5793
5792
5791
5790
579
5789
5788
5787
5786
5785
5784
5783
5782
5781
5780
578
5779
5778
5777
5776
5775
5774
5773
5772
5771
5770
577
5769
5768
5767
5766
5765
5764
5763
5762
5761
5760
576
5759
5758
5757
5756
5755
5754
5753
5752
5751
5750
575
5749
5748
5747
5746
5745
5744
5743
5742
5741
5740
574
5739
5738
5737
5736
5735
5734
5733
5732
5731
5730
573
5729
5728
5727
5726
5725
5724
5723
5722
5721
5720
572
5719
5718
5717
5716
5715
5714
5713
5712
5711
5710
571
5709
5708
5707
5706
5705
5704
5703
5702
5701
5700
570
57
5699
5698
5697
5696
5695
5694
5693
5692
5691
5690
569
5689
5688
5687
5686
5685
5684
5683
5682
5681
5680
568
5679
5678
5677
5676
5675
5674
5673
5672
5671
5670
567
5669
5668
5667
5666
5665
5664
5663
5662
5661
5660
566
5659
5658
5657
5656
5655
5654
5653
5652
5651
5650
565
5649
5648
5647
5646
5645
5644
5643
5642
5641
5640
564
5639
5638
5637
5636
5635
5634
5633
5632
5631
5630
563
5629
5628
5627
5626
5625
5624
5623
5622
5621
5620
562
5619
5618
5617
5616
5615
5614
5613
5612
5611
5610
561
5609
5608
5607
5606
5605
5604
5603
5602
5601
5600
560
56
5599
5598
5597
5596
5595
5594
5593
5592
5591
5590
559
5589
5588
5587
5586
5585
5584
5583
5582
5581
5580
558
5579
5578
5577
5576
5575
5574
5573
5572
5571
5570
557
5569
5568
5567
5566
5565
5564
5563
5562
5561
5560
556
5559
5558
5557
5556
5555
5554
5553
5552
5551
5550
555
5549
5548
5547
5546
5545
5544
5543
5542
5541
5540
554
5539
5538
5537
5536
5535
5534
5533
5532
5531
5530
553
5529
5528
5527
5526
5525
5524
5523
5522
5521
5520
552
5519
5518
5517
5516
5515
5514
5513
5512
5511
5510
551
5509
5508
5507
5506
5505
5504
5503
5502
5501
5500
550
55
5499
5498
5497
5496
5495
5494
5493
5492
5491
5490
549
5489
5488
5487
5486
5485
5484
5483
5482
5481
5480
548
5479
5478
5477
5476
5475
5474
5473
5472
5471
5470
547
5469
5468
5467
5466
5465
5464
5463
5462
5461
5460
546
5459
5458
5457
5456
5455
5454
5453
5452
5451
5450
545
5449
5448
5447
5446
5445
5444
5443
5442
5441
5440
544
5439
5438
5437
5436
5435
5434
5433
5432
5431
5430
543
5429
5428
5427
5426
5425
5424
5423
5422
5421
5420
542
5419
5418
5417
5416
5415
5414
5413
5412
5411
5410
541
5409
5408
5407
5406
5405
5404
5403
5402
5401
5400
540
54
5399
5398
5397
5396
5395
5394
5393
5392
5391
5390
539
5389
5388
5387
5386
5385
5384
5383
5382
5381
5380
538
5379
5378
5377
5376
5375
5374
5373
5372
5371
5370
537
5369
5368
5367
5366
5365
5364
5363
5362
5361
5360
536
5359
5358
5357
5356
5355
5354
5353
5352
5351
5350
535
5349
5348
5347
5346
5345
5344
5343
5342
5341
5340
534
5339
5338
5337
5336
5335
5334
5333
5332
5331
5330
533
5329
5328
5327
5326
5325
5324
5323
5322
5321
5320
532
5319
5318
5317
5316
5315
5314
5313
5312
5311
5310
531
5309
5308
5307
5306
5305
5304
5303
5302
5301
5300
530
53
5299
5298
5297
5296
5295
5294
5293
5292
5291
5290
529
5289
5288
5287
5286
5285
5284
5283
5282
5281
5280
528
5279
5278
5277
5276
5275
5274
5273
5272
5271
5270
527
5269
5268
5267
5266
5265
5264
5263
5262
5261
5260
526
5259
5258
5257
5256
5255
5254
5253
5252
5251
5250
525
5249
5248
5247
5246
5245
5244
5243
5242
5241
5240
524
5239
5238
5237
5236
5235
5234
5233
5232
5231
5230
523
5229
5228
5227
5226
5225
5224
5223
5222
5221
5220
522
5219
5218
5217
5216
5215
5214
5213
5212
5211
5210
521
5209
5208
5207
5206
5205
5204
5203
5202
5201
5200
520
52
5199
5198
5197
5196
5195
5194
5193
5192
5191
5190
519
5189
5188
5187
5186
5185
5184
5183
5182
5181
5180
518
5179
5178
5177
5176
5175
5174
5173
5172
5171
5170
517
5169
5168
5167
5166
5165
5164
5163
5162
5161
5160
516
5159
5158
5157
5156
5155
5154
5153
5152
5151
5150
515
5149
5148
5147
5146
5145
5144
5143
5142
5141
5140
514
5139
5138
5137
5136
5135
5134
5133
5132
5131
5130
513
5129
5128
5127
5126
5125
5124
5123
5122
5121
5120
512
5119
5118
5117
5116
5115
5114
5113
5112
5111
5110
511
5109
5108
5107
5106
5105
5104
5103
5102
5101
5100
510
51
5099
5098
5097
5096
5095
5094
5093
5092
5091
5090
509
5089
5088
5087
5086
5085
5084
5083
5082
5081
5080
508
5079
5078
5077
5076
5075
5074
5073
5072
5071
5070
507
5069
5068
5067
5066
5065
5064
5063
5062
5061
5060
506
5059
5058
5057
5056
5055
5054
5053
5052
5051
5050
505
5049
5048
5047
5046
5045
5044
5043
5042
5041
5040
504
5039
5038
5037
5036
5035
5034
5033
5032
5031
5030
503
5029
5028
5027
5026
5025
5024
5023
5022
5021
5020
502
5019
5018
5017
5016
5015
5014
5013
5012
5011
5010
501
5009
5008
5007
5006
5005
5004
5003
5002
5001
5000
500
50
5
4999
4998
4997
4996
4995
4994
4993
4992
4991
4990
499
4989
4988
4987
4986
4985
4984
4983
4982
4981
4980
498
4979
4978
4977
4976
4975
4974
4973
4972
4971
4970
497
4969
4968
4967
4966
4965
4964
4963
4962
4961
4960
496
4959
4958
4957
4956
4955
4954
4953
4952
4951
4950
495
4949
4948
4947
4946
4945
4944
4943
4942
4941
4940
494
4939
4938
4937
4936
4935
4934
4933
4932
4931
4930
493
4929
4928
4927
4926
4925
4924
4923
4922
4921
4920
492
4919
4918
4917
4916
4915
4914
4913
4912
4911
4910
491
4909
4908
4907
4906
4905
4904
4903
4902
4901
4900
490
49
4899
4898
4897
4896
4895
4894
4893
4892
4891
4890
489
4889
4888
4887
4886
4885
4884
4883
4882
4881
4880
488
4879
4878
4877
4876
4875
4874
4873
4872
4871
4870
487
4869
4868
4867
4866
4865
4864
4863
4862
4861
4860
486
4859
4858
4857
4856
4855
4854
4853
4852
4851
4850
485
4849
4848
4847
4846
4845
4844
4843
4842
4841
4840
484
4839
4838
4837
4836
4835
4834
4833
4832
4831
4830
483
4829
4828
4827
4826
4825
4824
4823
4822
4821
4820
482
4819
4818
4817
4816
4815
4814
4813
4812
4811
4810
481
4809
4808
4807
4806
4805
4804
4803
4802
4801
4800
480
48
4799
4798
4797
4796
4795
4794
4793
4792
4791
4790
479
4789
4788
4787
4786
4785
4784
4783
4782
4781
4780
478
4779
4778
4777
4776
4775
4774
4773
4772
4771
4770
477
4769
4768
4767
4766
4765
4764
4763
4762
4761
4760
476
4759
4758
4757
4756
4755
4754
4753
4752
4751
4750
475
4749
4748
4747
4746
4745
4744
4743
4742
4741
4740
474
4739
4738
4737
4736
4735
4734
4733
4732
4731
4730
473
4729
4728
4727
4726
4725
4724
4723
4722
4721
4720
472
4719
4718
4717
4716
4715
4714
4713
4712
4711
4710
471
4709
4708
4707
4706
4705
4704
4703
4702
4701
4700
470
47
4699
4698
4697
4696
4695
4694
4693
4692
4691
4690
469
4689
4688
4687
4686
4685
4684
4683
4682
4681
4680
468
4679
4678
4677
4676
4675
4674
4673
4672
4671
4670
467
4669
4668
4667
4666
4665
4664
4663
4662
4661
4660
466
4659
4658
4657
4656
4655
4654
4653
4652
4651
4650
465
4649
4648
4647
4646
4645
4644
4643
4642
4641
4640
464
4639
4638
4637
4636
4635
4634
4633
4632
4631
4630
463
4629
4628
4627
4626
4625
4624
4623
4622
4621
4620
462
4619
4618
4617
4616
4615
4614
4613
4612
4611
4610
461
4609
4608
4607
4606
4605
4604
4603
4602
4601
4600
460
46
4599
4598
4597
4596
4595
4594
4593
4592
4591
4590
459
4589
4588
4587
4586
4585
4584
4583
4582
4581
4580
458
4579
4578
4577
4576
4575
4574
4573
4572
4571
4570
457
4569
4568
4567
4566
4565
4564
4563
4562
4561
4560
456
4559
4558
4557
4556
4555
4554
4553
4552
4551
4550
455
4549
4548
4547
4546
4545
4544
4543
4542
4541
4540
454
4539
4538
4537
4536
4535
4534
4533
4532
4531
4530
453
4529
4528
4527
4526
4525
4524
4523
4522
4521
4520
452
4519
4518
4517
4516
4515
4514
4513
4512
4511
4510
451
4509
4508
4507
4506
4505
4504
4503
4502
4501
4500
450
45
4499
4498
4497
4496
4495
4494
4493
4492
4491
4490
449
4489
4488
4487
4486
4485
4484
4483
4482
4481
4480
448
4479
4478
4477
4476
4475
4474
4473
4472
4471
4470
447
4469
4468
4467
4466
4465
4464
4463
4462
4461
4460
446
4459
4458
4457
4456
4455
4454
4453
4452
4451
4450
445
4449
4448
4447
4446
4445
4444
4443
4442
4441
4440
444
4439
4438
4437
4436
4435
4434
4433
4432
4431
4430
443
4429
4428
4427
4426
4425
4424
4423
4422
4421
4420
442
4419
4418
4417
4416
4415
4414
4413
4412
4411
4410
441
4409
4408
4407
4406
4405
4404
4403
4402
4401
4400
440
44
4399
4398
4397
4396
4395
4394
4393
4392
4391
4390
439
4389
4388
4387
4386
4385
4384
4383
4382
4381
4380
438
4379
4378
4377
4376
4375
4374
4373
4372
4371
4370
437
4369
4368
4367
4366
4365
4364
4363
4362
4361
4360
436
4359
4358
4357
4356
4355
4354
4353
4352
4351
4350
435
4349
4348
4347
4346
4345
4344
4343
4342
4341
4340
434
4339
4338
4337
4336
4335
4334
4333
4332
4331
4330
433
4329
4328
4327
4326
4325
4324
4323
4322
4321
4320
432
4319
4318
4317
4316
4315
4314
4313
4312
4311
4310
431
4309
4308
4307
4306
4305
4304
4303
4302
4301
4300
430
43
4299
4298
4297
4296
4295
4294
4293
4292
4291
4290
429
4289
4288
4287
4286
4285
4284
4283
4282
4281
4280
428
4279
4278
4277
4276
4275
4274
4273
4272
4271
4270
427
4269
4268
4267
4266
4265
4264
4263
4262
4261
4260
426
4259
4258
4257
4256
4255
4254
4253
4252
4251
4250
425
4249
4248
4247
4246
4245
4244
4243
4242
4241
4240
424
4239
4238
4237
4236
4235
4234
4233
4232
4231
4230
423
4229
4228
4227
4226
4225
4224
4223
4222
4221
4220
422
4219
4218
4217
4216
4215
4214
4213
4212
4211
4210
421
4209
4208
4207
4206
4205
4204
4203
4202
4201
4200
420
42
4199
4198
4197
4196
4195
4194
4193
4192
4191
4190
419
4189
4188
4187
4186
4185
4184
4183
4182
4181
4180
418
4179
4178
4177
4176
4175
4174
4173
4172
4171
4170
417
4169
4168
4167
4166
4165
4164
4163
4162
4161
4160
416
4159
4158
4157
4156
4155
4154
4153
4152
4151
4150
415
4149
4148
4147
4146
4145
4144
4143
4142
4141
4140
414
4139
4138
4137
4136
4135
4134
4133
4132
4131
4130
413
4129
4128
4127
4126
4125
4124
4123
4122
4121
4120
412
4119
4118
4117
4116
4115
4114
4113
4112
4111
4110
411
4109
4108
4107
4106
4105
4104
4103
4102
4101
4100
410
41
4099
4098
4097
4096
4095
4094
4093
4092
4091
4090
409
4089
4088
4087
4086
4085
4084
4083
4082
4081
4080
408
4079
4078
4077
4076
4075
4074
4073
4072
4071
4070
407
4069
4068
4067
4066
4065
4064
4063
4062
4061
4060
406
4059
4058
4057
4056
4055
4054
4053
4052
4051
4050
405
4049
4048
4047
4046
4045
4044
4043
4042
4041
4040
404
4039
4038
4037
4036
4035
4034
4033
4032
4031
4030
403
4029
4028
4027
4026
4025
4024
4023
4022
4021
4020
402
4019
4018
4017
4016
4015
4014
4013
4012
4011
4010
401
4009
4008
4007
4006
4005
4004
4003
4002
4001
4000
400
40
4
3999
3998
3997
3996
3995
3994
3993
3992
3991
3990
399
3989
3988
3987
3986
3985
3984
3983
3982
3981
3980
398
3979
3978
3977
3976
3975
3974
3973
3972
3971
3970
397
3969
3968
3967
3966
3965
3964
3963
3962
3961
3960
396
3959
3958
3957
3956
3955
3954
3953
3952
3951
3950
395
3949
3948
3947
3946
3945
3944
3943
3942
3941
3940
394
3939
3938
3937
3936
3935
3934
3933
3932
3931
3930
393
3929
3928
3927
3926
3925
3924
3923
3922
3921
3920
392
3919
3918
3917
3916
3915
3914
3913
3912
3911
3910
391
3909
3908
3907
3906
3905
3904
3903
3902
3901
3900
390
39
3899
3898
3897
3896
3895
3894
3893
3892
3891
3890
389
3889
3888
3887
3886
3885
3884
3883
3882
3881
3880
388
3879
3878
3877
3876
3875
3874
3873
3872
3871
3870
387
3869
3868
3867
3866
3865
3864
3863
3862
3861
3860
386
3859
3858
3857
3856
3855
3854
3853
3852
3851
3850
385
3849
3848
3847
3846
3845
3844
3843
3842
3841
3840
384
3839
3838
3837
3836
3835
3834
3833
3832
3831
3830
383
3829
3828
3827
3826
3825
3824
3823
3822
3821
3820
382
3819
3818
3817
3816
3815
3814
3813
3812
3811
3810
381
3809
3808
3807
3806
3805
3804
3803
3802
3801
3800
380
38
3799
3798
3797
3796
3795
3794
3793
3792
3791
3790
379
3789
3788
3787
3786
3785
3784
3783
3782
3781
3780
378
3779
3778
3777
3776
3775
3774
3773
3772
3771
3770
377
3769
3768
3767
3766
3765
3764
3763
3762
3761
3760
376
3759
3758
3757
3756
3755
3754
3753
3752
3751
3750
375
3749
3748
3747
3746
3745
3744
3743
3742
3741
3740
374
3739
3738
3737
3736
3735
3734
3733
3732
3731
3730
373
3729
3728
3727
3726
3725
3724
3723
3722
3721
3720
372
3719
3718
3717
3716
3715
3714
3713
3712
3711
3710
371
3709
3708
3707
3706
3705
3704
3703
3702
3701
3700
370
37
3699
3698
3697
3696
3695
3694
3693
3692
3691
3690
369
3689
3688
3687
3686
3685
3684
3683
3682
3681
3680
368
3679
3678
3677
3676
3675
3674
3673
3672
3671
3670
367
3669
3668
3667
3666
3665
3664
3663
3662
3661
3660
366
3659
3658
3657
3656
3655
3654
3653
3652
3651
3650
365
3649
3648
3647
3646
3645
3644
3643
3642
3641
3640
364
3639
3638
3637
3636
3635
3634
3633
3632
3631
3630
363
3629
3628
3627
3626
3625
3624
3623
3622
3621
3620
362
3619
3618
3617
3616
3615
3614
3613
3612
3611
3610
361
3609
3608
3607
3606
3605
3604
3603
3602
3601
3600
360
36
3599
3598
3597
3596
3595
3594
3593
3592
3591
3590
359
3589
3588
3587
3586
3585
3584
3583
3582
3581
3580
358
3579
3578
3577
3576
3575
3574
3573
3572
3571
3570
357
3569
3568
3567
3566
3565
3564
3563
3562
3561
3560
356
3559
3558
3557
3556
3555
3554
3553
3552
3551
3550
355
3549
3548
3547
3546
3545
3544
3543
3542
3541
3540
354
3539
3538
3537
3536
3535
3534
3533
3532
3531
3530
353
3529
3528
3527
3526
3525
3524
3523
3522
3521
3520
352
3519
3518
3517
3516
3515
3514
3513
3512
3511
3510
351
3509
3508
3507
3506
3505
3504
3503
3502
3501
3500
350
35
3499
3498
3497
3496
3495
3494
3493
3492
3491
3490
349
3489
3488
3487
3486
3485
3484
3483
3482
3481
3480
348
3479
3478
3477
3476
3475
3474
3473
3472
3471
3470
347
3469
3468
3467
3466
3465
3464
3463
3462
3461
3460
346
3459
3458
3457
3456
3455
3454
3453
3452
3451
3450
345
3449
3448
3447
3446
3445
3444
3443
3442
3441
3440
344
3439
3438
3437
3436
3435
3434
3433
3432
3431
3430
343
3429
3428
3427
3426
3425
3424
3423
3422
3421
3420
342
3419
3418
3417
3416
3415
3414
3413
3412
3411
3410
341
3409
3408
3407
3406
3405
3404
3403
3402
3401
3400
340
34
3399
3398
3397
3396
3395
3394
3393
3392
3391
3390
339
3389
3388
3387
3386
3385
3384
3383
3382
3381
3380
338
3379
3378
3377
3376
3375
3374
3373
3372
3371
3370
337
3369
3368
3367
3366
3365
3364
3363
3362
3361
3360
336
3359
3358
3357
3356
3355
3354
3353
3352
3351
3350
335
3349
3348
3347
3346
3345
3344
3343
3342
3341
3340
334
3339
3338
3337
3336
3335
3334
3333
3332
3331
3330
333
3329
3328
3327
3326
3325
3324
3323
3322
3321
3320
332
3319
3318
3317
3316
3315
3314
3313
3312
3311
3310
331
3309
3308
3307
3306
3305
3304
3303
3302
3301
3300
330
33
3299
3298
3297
3296
3295
3294
3293
3292
3291
3290
329
3289
3288
3287
3286
3285
3284
3283
3282
3281
3280
328
3279
3278
3277
3276
3275
3274
3273
3272
3271
3270
327
3269
3268
3267
3266
3265
3264
3263
3262
3261
3260
326
3259
3258
3257
3256
3255
3254
3253
3252
3251
3250
325
3249
3248
3247
3246
3245
3244
3243
3242
3241
3240
324
3239
3238
3237
3236
3235
3234
3233
3232
3231
3230
323
3229
3228
3227
3226
3225
3224
3223
3222
3221
3220
322
3219
3218
3217
3216
3215
3214
3213
3212
3211
3210
321
3209
3208
3207
3206
3205
3204
3203
3202
3201
3200
320
32
3199
3198
3197
3196
3195
3194
3193
3192
3191
3190
319
3189
3188
3187
3186
3185
3184
3183
3182
3181
3180
318
3179
3178
3177
3176
3175
3174
3173
3172
3171
3170
317
3169
3168
3167
3166
3165
3164
3163
3162
3161
3160
316
3159
3158
3157
3156
3155
3154
3153
3152
3151
3150
315
3149
3148
3147
3146
3145
3144
3143
3142
3141
3140
314
3139
3138
3137
3136
3135
3134
3133
3132
3131
3130
313
3129
3128
3127
3126
3125
3124
3123
3122
3121
3120
312
3119
3118
3117
3116
3115
3114
3113
3112
3111
3110
311
3109
3108
3107
3106
3105
3104
3103
3102
3101
3100
310
31
3099
3098
3097
3096
3095
3094
3093
3092
3091
3090
309
3089
3088
3087
3086
3085
3084
3083
3082
3081
3080
308
3079
3078
3077
3076
3075
3074
3073
3072
3071
3070
307
3069
3068
3067
3066
3065
3064
3063
3062
3061
3060
306
3059
3058
3057
3056
3055
3054
3053
3052
3051
3050
305
3049
3048
3047
3046
3045
3044
3043
3042
3041
3040
304
3039
3038
3037
3036
3035
3034
3033
3032
3031
3030
303
3029
3028
3027
3026
3025
3024
3023
3022
3021
3020
302
3019
3018
3017
3016
3015
3014
3013
3012
3011
3010
301
3009
3008
3007
3006
3005
3004
3003
3002
3001
3000
300
30
3
2999
2998
2997
2996
2995
2994
2993
2992
2991
2990
299
2989
2988
2987
2986
2985
2984
2983
2982
2981
2980
298
2979
2978
2977
2976
2975
2974
2973
2972
2971
2970
297
2969
2968
2967
2966
2965
2964
2963
2962
2961
2960
296
2959
2958
2957
2956
2955
2954
2953
2952
2951
2950
295
2949
2948
2947
2946
2945
2944
2943
2942
2941
2940
294
2939
2938
2937
2936
2935
2934
2933
2932
2931
2930
293
2929
2928
2927
2926
2925
2924
2923
2922
2921
2920
292
2919
2918
2917
2916
2915
2914
2913
2912
2911
2910
291
2909
2908
2907
2906
2905
2904
2903
2902
2901
2900
290
29
2899
2898
2897
2896
2895
2894
2893
2892
2891
2890
289
2889
2888
2887
2886
2885
2884
2883
2882
2881
2880
288
2879
2878
2877
2876
2875
2874
2873
2872
2871
2870
287
2869
2868
2867
2866
2865
2864
2863
2862
2861
2860
286
2859
2858
2857
2856
2855
2854
2853
2852
2851
2850
285
2849
2848
2847
2846
2845
2844
2843
2842
2841
2840
284
2839
2838
2837
2836
2835
2834
2833
2832
2831
2830
283
2829
2828
2827
2826
2825
2824
2823
2822
2821
2820
282
2819
2818
2817
2816
2815
2814
2813
2812
2811
2810
281
2809
2808
2807
2806
2805
2804
2803
2802
2801
2800
280
28
2799
2798
2797
2796
2795
2794
2793
2792
2791
2790
279
2789
2788
2787
2786
2785
2784
2783
2782
2781
2780
278
2779
2778
2777
2776
2775
2774
2773
2772
2771
2770
277
2769
2768
2767
2766
2765
2764
2763
2762
2761
2760
276
2759
2758
2757
2756
2755
2754
2753
2752
2751
2750
275
2749
2748
2747
2746
2745
2744
2743
2742
2741
2740
274
2739
2738
2737
2736
2735
2734
2733
2732
2731
2730
273
2729
2728
2727
2726
2725
2724
2723
2722
2721
2720
272
2719
2718
2717
2716
2715
2714
2713
2712
2711
2710
271
2709
2708
2707
2706
2705
2704
2703
2702
2701
2700
270
27
2699
2698
2697
2696
2695
2694
2693
2692
2691
2690
269
2689
2688
2687
2686
2685
2684
2683
2682
2681
2680
268
2679
2678
2677
2676
2675
2674
2673
2672
2671
2670
267
2669
2668
2667
2666
2665
2664
2663
2662
2661
2660
266
2659
2658
2657
2656
2655
2654
2653
2652
2651
2650
265
2649
2648
2647
2646
2645
2644
2643
2642
2641
2640
264
2639
2638
2637
2636
2635
2634
2633
2632
2631
2630
263
2629
2628
2627
2626
2625
2624
2623
2622
2621
2620
262
2619
2618
2617
2616
2615
2614
2613
2612
2611
2610
261
2609
2608
2607
2606
2605
2604
2603
2602
2601
2600
260
26
2599
2598
2597
2596
2595
2594
2593
2592
2591
2590
259
2589
2588
2587
2586
2585
2584
2583
2582
2581
2580
258
2579
2578
2577
2576
2575
2574
2573
2572
2571
2570
257
2569
2568
2567
2566
2565
2564
2563
2562
2561
2560
256
2559
2558
2557
2556
2555
2554
2553
2552
2551
2550
255
2549
2548
2547
2546
2545
2544
2543
2542
2541
2540
254
2539
2538
2537
2536
2535
2534
2533
2532
2531
2530
253
2529
2528
2527
2526
2525
2524
2523
2522
2521
2520
252
2519
2518
2517
2516
2515
2514
2513
2512
2511
2510
251
2509
2508
2507
2506
2505
2504
2503
2502
2501
2500
250
25
2499
2498
2497
2496
2495
2494
2493
2492
2491
2490
249
2489
2488
2487
2486
2485
2484
2483
2482
2481
2480
248
2479
2478
2477
2476
2475
2474
2473
2472
2471
2470
247
2469
2468
2467
2466
2465
2464
2463
2462
2461
2460
246
2459
2458
2457
2456
2455
2454
2453
2452
2451
2450
245
2449
2448
2447
2446
2445
2444
2443
2442
2441
2440
244
2439
2438
2437
2436
2435
2434
2433
2432
2431
2430
243
2429
2428
2427
2426
2425
2424
2423
2422
2421
2420
242
2419
2418
2417
2416
2415
2414
2413
2412
2411
2410
241
2409
2408
2407
2406
2405
2404
2403
2402
2401
2400
240
24
2399
2398
2397
2396
2395
2394
2393
2392
2391
2390
239
2389
2388
2387
2386
2385
2384
2383
2382
2381
2380
238
2379
2378
2377
2376
2375
2374
2373
2372
2371
2370
237
2369
2368
2367
2366
2365
2364
2363
2362
2361
2360
236
2359
2358
2357
2356
2355
2354
2353
2352
2351
2350
235
2349
2348
2347
2346
2345
2344
2343
2342
2341
2340
234
2339
2338
2337
2336
2335
2334
2333
2332
2331
2330
233
2329
2328
2327
2326
2325
2324
2323
2322
2321
2320
232
2319
2318
2317
2316
2315
2314
2313
2312
2311
2310
231
2309
2308
2307
2306
2305
2304
2303
2302
2301
2300
230
23
2299
2298
2297
2296
2295
2294
2293
2292
2291
2290
229
2289
2288
2287
2286
2285
2284
2283
2282
2281
2280
228
2279
2278
2277
2276
2275
2274
2273
2272
2271
2270
227
2269
2268
2267
2266
2265
2264
2263
2262
2261
2260
226
2259
2258
2257
2256
2255
2254
2253
2252
2251
2250
225
2249
2248
2247
2246
2245
2244
2243
2242
2241
2240
224
2239
2238
2237
2236
2235
2234
2233
2232
2231
2230
223
2229
2228
2227
2226
2225
2224
2223
2222
2221
2220
222
2219
2218
2217
2216
2215
2214
2213
2212
2211
2210
221
2209
2208
2207
2206
2205
2204
2203
2202
2201
2200
220
22
2199
2198
2197
2196
2195
2194
2193
2192
2191
2190
219
2189
2188
2187
2186
2185
2184
2183
2182
2181
2180
218
2179
2178
2177
2176
2175
2174
2173
2172
2171
2170
217
2169
2168
2167
2166
2165
2164
2163
2162
2161
2160
216
2159
2158
2157
2156
2155
2154
2153
2152
2151
2150
215
2149
2148
2147
2146
2145
2144
2143
2142
2141
2140
214
2139
2138
2137
2136
2135
2134
2133
2132
2131
2130
213
2129
2128
2127
2126
2125
2124
2123
2122
2121
2120
212
2119
2118
2117
2116
2115
2114
2113
2112
2111
2110
211
2109
2108
2107
2106
2105
2104
2103
2102
2101
2100
210
21
2099
2098
2097
2096
2095
2094
2093
2092
2091
2090
209
2089
2088
2087
2086
2085
2084
2083
2082
2081
2080
208
2079
2078
2077
2076
2075
2074
2073
2072
2071
2070
207
2069
2068
2067
2066
2065
2064
2063
2062
2061
2060
206
2059
2058
2057
2056
2055
2054
2053
2052
2051
2050
205
2049
2048
2047
2046
2045
2044
2043
2042
2041
2040
204
2039
2038
2037
2036
2035
2034
2033
2032
2031
2030
203
2029
2028
2027
2026
2025
2024
2023
2022
2021
2020
202
2019
2018
2017
2016
2015
2014
2013
2012
2011
2010
201
2009
2008
2007
2006
2005
2004
2003
2002
2001
2000
200
20
2
1999
1998
1997
1996
1995
1994
1993
1992
1991
1990
199
1989
1988
1987
1986
1985
1984
1983
1982
1981
1980
198
1979
1978
1977
1976
1975
1974
1973
1972
1971
1970
197
1969
1968
1967
1966
1965
1964
1963
1962
1961
1960
196
1959
1958
1957
1956
1955
1954
1953
1952
1951
1950
195
1949
1948
1947
1946
1945
1944
1943
1942
1941
1940
194
1939
1938
1937
1936
1935
1934
1933
1932
1931
1930
193
1929
1928
1927
1926
1925
1924
1923
1922
1921
1920
192
1919
1918
1917
1916
1915
1914
1913
1912
1911
1910
191
1909
1908
1907
1906
1905
1904
1903
1902
1901
1900
190
19
1899
1898
1897
1896
1895
1894
1893
1892
1891
1890
189
1889
1888
1887
1886
1885
1884
1883
1882
1881
1880
188
1879
1878
1877
1876
1875
1874
1873
1872
1871
1870
187
1869
1868
1867
1866
1865
1864
1863
1862
1861
1860
186
1859
1858
1857
1856
1855
1854
1853
1852
1851
1850
185
1849
1848
1847
1846
1845
1844
1843
1842
1841
1840
184
1839
1838
1837
1836
1835
1834
1833
1832
1831
1830
183
1829
1828
1827
1826
1825
1824
1823
1822
1821
1820
182
1819
1818
1817
1816
1815
1814
1813
1812
1811
1810
181
1809
1808
1807
1806
1805
1804
1803
1802
1801
1800
180
18
1799
1798
1797
1796
1795
1794
1793
1792
1791
1790
179
1789
1788
1787
1786
1785
1784
1783
1782
1781
1780
178
1779
1778
1777
1776
1775
1774
1773
1772
1771
1770
177
1769
1768
1767
1766
1765
1764
1763
1762
1761
1760
176
1759
1758
1757
1756
1755
1754
1753
1752
1751
1750
175
1749
1748
1747
1746
1745
1744
1743
1742
1741
1740
174
1739
1738
1737
1736
1735
1734
1733
1732
1731
1730
173
1729
1728
1727
1726
1725
1724
1723
1722
1721
1720
172
1719
1718
1717
1716
1715
1714
1713
1712
1711
1710
171
1709
1708
1707
1706
1705
1704
1703
1702
1701
1700
170
17
1699
1698
1697
1696
1695
1694
1693
1692
1691
1690
169
1689
1688
1687
1686
1685
1684
1683
1682
1681
1680
168
1679
1678
1677
1676
1675
1674
1673
1672
1671
1670
167
1669
1668
1667
1666
1665
1664
1663
1662
1661
1660
166
1659
1658
1657
1656
1655
1654
1653
1652
1651
1650
165
1649
1648
1647
1646
1645
1644
1643
1642
1641
1640
164
1639
1638
1637
1636
1635
1634
1633
1632
1631
1630
163
1629
1628
1627
1626
1625
1624
1623
1622
1621
1620
162
1619
1618
1617
1616
1615
1614
1613
1612
1611
1610
161
1609
1608
1607
1606
1605
1604
1603
1602
1601
1600
160
16
1599
1598
1597
1596
1595
1594
1593
1592
1591
1590
159
1589
1588
1587
1586
1585
1584
1583
1582
1581
1580
158
1579
1578
1577
1576
1575
1574
1573
1572
1571
1570
157
1569
1568
1567
1566
1565
1564
1563
1562
1561
1560
156
1559
1558
1557
1556
1555
1554
1553
1552
1551
1550
155
1549
1548
1547
1546
1545
1544
1543
1542
1541
1540
154
1539
1538
1537
1536
1535
1534
1533
1532
1531
1530
153
1529
1528
1527
1526
1525
1524
1523
1522
1521
1520
152
1519
1518
1517
1516
1515
1514
1513
1512
1511
1510
151
1509
1508
1507
1506
1505
1504
1503
1502
1501
1500
150
15
1499
1498
1497
1496
1495
1494
1493
1492
1491
1490
149
1489
1488
1487
1486
1485
1484
1483
1482
1481
1480
148
1479
1478
1477
1476
1475
1474
1473
1472
1471
1470
147
1469
1468
1467
1466
1465
1464
1463
1462
1461
1460
146
1459
1458
1457
1456
1455
1454
1453
1452
1451
1450
145
1449
1448
1447
1446
1445
1444
1443
1442
1441
1440
144
1439
1438
1437
1436
1435
1434
1433
1432
1431
1430
143
1429
1428
1427
1426
1425
1424
1423
1422
1421
1420
142
1419
1418
1417
1416
1415
1414
1413
1412
1411
1410
141
1409
1408
1407
1406
1405
1404
1403
1402
1401
1400
140
14
1399
1398
1397
1396
1395
1394
1393
1392
1391
1390
139
1389
1388
1387
1386
1385
1384
1383
1382
1381
1380
138
1379
1378
1377
1376
1375
1374
1373
1372
1371
1370
137
1369
1368
1367
1366
1365
1364
1363
1362
1361
1360
136
1359
1358
1357
1356
1355
1354
1353
1352
1351
1350
135
1349
1348
1347
1346
1345
1344
1343
1342
1341
1340
134
1339
1338
1337
1336
1335
1334
1333
1332
1331
1330
133
1329
1328
1327
1326
1325
1324
1323
1322
1321
1320
132
1319
1318
1317
1316
1315
1314
1313
1312
1311
1310
131
1309
1308
1307
1306
1305
1304
1303
1302
1301
1300
130
13
1299
1298
1297
1296
1295
1294
1293
1292
1291
1290
129
1289
1288
1287
1286
1285
1284
1283
1282
1281
1280
128
1279
1278
1277
1276
1275
1274
1273
1272
1271
1270
127
1269
1268
1267
1266
1265
1264
1263
1262
1261
1260
126
1259
1258
1257
1256
1255
1254
1253
1252
1251
1250
125
1249
1248
1247
1246
1245
1244
1243
1242
1241
1240
124
1239
1238
1237
1236
1235
1234
1233
1232
1231
1230
123
1229
1228
1227
1226
1225
1224
1223
1222
1221
1220
122
1219
1218
1217
1216
1215
1214
1213
1212
1211
1210
121
1209
1208
1207
1206
1205
1204
1203
1202
1201
1200
120
12
1199
1198
1197
1196
1195
1194
1193
1192
1191
1190
119
1189
1188
1187
1186
1185
1184
1183
1182
1181
1180
118
1179
1178
1177
1176
1175
1174
1173
1172
1171
1170
117
1169
1168
1167
1166
1165
1164
1163
1162
1161
1160
116
1159
1158
1157
1156
1155
1154
1153
1152
1151
1150
115
1149
1148
1147
1146
1145
1144
1143
1142
1141
1140
114
1139
1138
1137
1136
1135
1134
1133
1132
1131
1130
113
1129
1128
1127
1126
1125
1124
1123
1122
1121
1120
112
1119
1118
1117
1116
1115
1114
1113
1112
1111
1110
111
1109
1108
1107
1106
1105
1104
1103
1102
1101
1100
110
11
1099
1098
1097
1096
1095
1094
1093
1092
1091
1090
109
1089
1088
1087
1086
1085
1084
1083
1082
1081
1080
108
1079
1078
1077
1076
1075
1074
1073
1072
1071
1070
107
1069
1068
1067
1066
1065
1064
1063
1062
1061
1060
106
1059
1058
1057
1056
1055
1054
1053
1052
1051
1050
105
1049
1048
1047
1046
1045
1044
1043
1042
1041
1040
104
1039
1038
1037
1036
1035
1034
1033
1032
1031
1030
103
1029
1028
1027
1026
1025
1024
1023
1022
1021
1020
102
1019
1018
1017
1016
1015
1014
1013
1012
1011
1010
101
1009
1008
1007
1006
1005
1004
1003
1002
1001
10000
1000
100
10
1
