0 999
0 999
0 499
500 999
500 749
750 999
750 874
500 749
500 624
875 999
875 936
750 874
750 811
625 749
625 686
500 624
500 561
937 999
937 967
812 874
0 499
812 842
875 936
875 905
0 249
687 749
687 717
500 561
500 530
562 624
562 592
937 967
937 951
968 999
968 983
812 842
812 826
875 905
875 889
0 249
0 124
843 874
843 858
687 717
687 701
718 749
718 733
500 530
500 514
531 561
531 545
562 592
562 576
593 624
593 608
937 951
937 943
968 983
968 975
984 999
984 991
812 826
812 818
827 842
827 834
875 889
875 881
890 905
890 897
0 124
0 61
843 858
843 850
859 874
859 866
687 701
687 693
702 717
702 709
718 733
718 725
734 749
734 741
500 514
500 506
515 530
515 522
531 545
531 537
546 561
546 553
562 576
562 568
593 608
593 600
609 624
609 616
937 943
937 939
812 818
812 814
819 826
819 822
984 991
984 987
827 834
827 830
835 842
835 838
875 881
875 877
882 889
882 885
0 61
0 30
62 124
62 92
843 850
843 846
851 858
851 854
859 866
859 862
867 874
867 870
687 693
687 689
694 701
694 697
702 709
702 705
710 717
710 713
718 725
718 721
726 733
726 729
507 514
507 510
734 741
734 737
515 522
515 518
523 530
523 526
531 537
531 533
538 545
538 541
554 561
554 557
562 568
562 564
569 576
569 572
593 600
593 596
601 608
601 604
609 616
609 612
617 624
617 620
937 939
940 943
823 826
812 814
984 987
988 991
750 811
750 780
625 686
625 655
906 936
906 920
250 499
250 374
952 967
952 959
827 830
125 249
125 186
831 834
835 838
839 842
992 999
992 995
500 506
500 502
878 881
875 877
546 553
546 549
698 701
0 30
0 14
31 61
31 45
62 92
62 76
93 124
93 108
843 846
851 854
855 858
859 862
863 866
867 870
687 689
690 693
694 697
702 705
706 709
710 713
714 717
718 721
722 725
507 510
511 514
593 596
573 576
605 608
613 616
609 612
601 604
621 624
617 620
738 741
515 518
519 522
734 737
523 526
527 530
534 537
538 541
542 545
558 561
531 533
562 564
565 568
554 557
569 572
0 14
0 6
15 30
15 22
31 45
31 37
546 549
93 108
93 100
550 553
77 92
77 84
0 6
0 2
7 14
7 10
847 850
871 874
726 729
730 733
890 897
890 893
898 905
898 901
819 822
882 885
886 889
815 818
742 749
742 745
952 959
952 955
15 22
968 975
15 18
968 971
23 30
976 983
23 26
976 979
31 37
960 967
31 33
960 963
38 45
944 951
38 41
944 947
577 592
577 584
93 100
93 96
101 108
101 104
77 84
77 80
85 92
85 88
0 2
3 6
625 655
625 639
656 686
656 670
125 186
125 155
187 249
187 217
597 600
906 920
906 912
921 936
921 928
250 374
250 311
375 499
375 436
992 995
996 999
500 502
503 506
781 811
781 795
750 780
750 764
62 76
62 68
109 124
109 116
46 61
46 53
656 670
656 662
671 686
671 678
125 155
125 139
105 108
898 901
77 80
956 959
585 592
585 588
894 897
27 30
38 41
101 104
156 186
156 170
640 655
640 647
746 749
968 971
890 893
679 686
679 682
944 947
15 18
89 92
663 670
663 666
671 678
671 674
11 14
117 124
117 120
125 139
125 131
577 584
577 580
906 912
906 908
23 26
913 920
913 916
921 928
921 924
42 45
929 936
929 932
250 311
250 280
93 96
97 100
81 84
742 745
312 374
312 342
902 905
948 951
375 436
375 405
34 37
31 33
437 499
437 467
625 639
625 631
46 53
46 49
972 975
85 88
54 61
54 57
19 22
656 662
140 155
656 658
140 147
117 120
952 955
121 124
250 280
250 264
781 795
781 787
796 811
796 803
750 764
750 756
765 780
765 772
62 68
62 64
69 76
69 72
109 116
109 112
906 908
913 916
921 924
7 10
581 584
964 967
187 217
187 201
976 979
171 186
171 178
640 647
640 643
585 588
156 170
156 162
960 963
667 670
671 674
577 580
589 592
683 686
980 983
218 249
218 233
663 666
679 682
125 131
125 127
675 678
132 139
132 135
640 643
644 647
156 162
156 158
163 170
163 166
218 233
218 225
46 49
375 405
375 389
437 467
437 451
312 342
312 326
281 311
281 295
656 658
54 57
929 932
148 155
148 151
187 201
187 193
202 217
202 209
179 186
179 182
648 655
234 249
234 241
625 631
625 627
140 147
140 143
171 178
171 174
632 639
632 635
648 651
925 928
933 936
73 76
788 795
788 791
109 112
781 787
781 783
62 64
265 280
265 272
750 756
750 752
757 764
757 760
796 803
796 799
804 811
804 807
69 72
113 116
406 436
406 420
65 68
250 264
250 256
163 166
167 170
132 135
125 127
128 131
909 912
58 61
781 783
250 256
250 252
257 264
257 260
136 139
187 193
187 189
194 201
194 197
234 241
234 237
148 151
343 374
343 358
265 272
265 268
273 280
273 276
659 662
917 920
796 799
50 53
784 787
183 186
210 217
210 213
179 182
250 252
788 791
792 795
765 772
765 768
375 389
375 381
312 326
312 318
468 499
468 483
750 752
804 807
406 420
406 412
757 760
281 295
281 287
437 451
437 443
156 158
218 225
218 221
773 780
773 776
190 193
226 233
226 229
242 249
242 245
452 467
452 459
261 264
175 178
327 342
327 334
359 374
359 366
273 276
808 811
421 436
421 428
202 209
202 205
636 639
198 201
753 756
152 155
171 174
632 635
140 143
625 627
800 803
343 358
343 350
265 268
277 280
159 162
253 256
390 405
390 397
187 189
238 241
194 197
269 272
144 147
628 631
234 237
210 213
296 311
296 303
437 443
437 439
761 764
312 318
312 314
406 412
406 408
413 420
413 416
375 381
375 377
382 389
382 385
648 651
652 655
281 287
281 283
288 295
288 291
257 260
765 768
769 772
319 326
319 322
444 451
444 447
468 483
468 475
484 499
484 491
452 459
452 455
335 342
335 338
359 366
359 362
460 467
460 463
327 334
327 330
202 205
206 209
343 350
343 346
351 358
351 354
312 314
315 318
406 408
409 412
413 416
417 420
218 221
222 225
773 776
226 229
246 249
777 780
230 233
242 245
304 311
304 307
296 303
296 299
437 439
421 428
421 424
367 374
367 370
440 443
281 283
284 287
288 291
292 295
378 381
444 447
375 377
448 451
468 475
468 471
390 397
390 393
464 467
460 463
476 483
476 479
327 330
484 491
484 487
492 499
492 495
398 405
398 401
331 334
429 436
429 432
214 217
456 459
359 362
363 366
452 455
371 374
476 479
480 483
398 401
402 405
367 370
382 385
468 471
472 475
425 428
421 424
351 354
355 358
484 487
488 491
429 432
492 495
386 389
335 338
296 299
390 393
304 307
308 311
433 436
496 499
339 342
343 346
323 326
319 322
300 303
394 397
347 350
1	2	3	4	5	6	7	8	9	10	11	12	13	14	15	16	17	18	19	20	21	22	23	24	25	26	27	28	29	30	31	32	33	34	35	36	37	38	39	40	41	42	43	44	45	46	47	48	49	50	51	52	53	54	55	56	57	58	59	60	61	62	63	64	65	66	67	68	69	70	71	72	73	74	75	76	77	78	79	80	81	82	83	84	85	86	87	88	89	90	91	92	93	94	95	96	97	98	99	100	101	102	103	104	105	106	107	108	109	110	111	112	113	114	115	116	117	118	119	120	121	122	123	124	125	126	127	128	129	130	131	132	133	134	135	136	137	138	139	140	141	142	143	144	145	146	147	148	149	150	151	152	153	154	155	156	157	158	159	160	161	162	163	164	165	166	167	168	169	170	171	172	173	174	175	176	177	178	179	180	181	182	183	184	185	186	187	188	189	190	191	192	193	194	195	196	197	198	199	200	201	202	203	204	205	206	207	208	209	210	211	212	213	214	215	216	217	218	219	220	221	222	223	224	225	226	227	228	229	230	231	232	233	234	235	236	237	238	239	240	241	242	243	244	245	246	247	248	249	250	251	252	253	254	255	256	257	258	259	260	261	262	263	264	265	266	267	268	269	270	271	272	273	274	275	276	277	278	279	280	281	282	283	284	285	286	287	288	289	290	291	292	293	294	295	296	297	298	299	300	301	302	303	304	305	306	307	308	309	310	311	312	313	314	315	316	317	318	319	320	321	322	323	324	325	326	327	328	329	330	331	332	333	334	335	336	337	338	339	340	341	342	343	344	345	346	347	348	349	350	351	352	353	354	355	356	357	358	359	360	361	362	363	364	365	366	367	368	369	370	371	372	373	374	375	376	377	378	379	380	381	382	383	384	385	386	387	388	389	390	391	392	393	394	395	396	397	398	399	400	401	402	403	404	405	406	407	408	409	410	411	412	413	414	415	416	417	418	419	420	421	422	423	424	425	426	427	428	429	430	431	432	433	434	435	436	437	438	439	440	441	442	443	444	445	446	447	448	449	450	451	452	453	454	455	456	457	458	459	460	461	462	463	464	465	466	467	468	469	470	471	472	473	474	475	476	477	478	479	480	481	482	483	484	485	486	487	488	489	490	491	492	493	494	495	496	497	498	499	500	501	502	503	504	505	506	507	508	509	510	511	512	513	514	515	516	517	518	519	520	521	522	523	524	525	526	527	528	529	530	531	532	533	534	535	536	537	538	539	540	541	542	543	544	545	546	547	548	549	550	551	552	553	554	555	556	557	558	559	560	561	562	563	564	565	566	567	568	569	570	571	572	573	574	575	576	577	578	579	580	581	582	583	584	585	586	587	588	589	590	591	592	593	594	595	596	597	598	599	600	601	602	603	604	605	606	607	608	609	610	611	612	613	614	615	616	617	618	619	620	621	622	623	624	625	626	627	628	629	630	631	632	633	634	635	636	637	638	639	640	641	642	643	644	645	646	647	648	649	650	651	652	653	654	655	656	657	658	659	660	661	662	663	664	665	666	667	668	669	670	671	672	673	674	675	676	677	678	679	680	681	682	683	684	685	686	687	688	689	690	691	692	693	694	695	696	697	698	699	700	701	702	703	704	705	706	707	708	709	710	711	712	713	714	715	716	717	718	719	720	721	722	723	724	725	726	727	728	729	730	731	732	733	734	735	736	737	738	739	740	741	742	743	744	745	746	747	748	749	750	751	752	753	754	755	756	757	758	759	760	761	762	763	764	765	766	767	768	769	770	771	772	773	774	775	776	777	778	779	780	781	782	783	784	785	786	787	788	789	790	791	792	793	794	795	796	797	798	799	800	801	802	803	804	805	806	807	808	809	810	811	812	813	814	815	816	817	818	819	820	821	822	823	824	825	826	827	828	829	830	831	832	833	834	835	836	837	838	839	840	841	842	843	844	845	846	847	848	849	850	851	852	853	854	855	856	857	858	859	860	861	862	863	864	865	866	867	868	869	870	871	872	873	874	875	876	877	878	879	880	881	882	883	884	885	886	887	888	889	890	891	892	893	894	895	896	897	898	899	900	901	902	903	904	905	906	907	908	909	910	911	912	913	914	915	916	917	918	919	920	921	922	923	924	925	926	927	928	929	930	931	932	933	934	935	936	937	938	939	940	941	942	943	944	945	946	947	948	949	950	951	952	953	954	955	956	957	958	959	960	961	962	963	964	965	966	967	968	969	970	971	972	973	974	975	976	977	978	979	980	981	982	983	984	985	986	987	988	989	990	991	992	993	994	995	996	997	998	999	1000	
